  0.994969E-05  0.125853E+08  0.125853E+08  0.167754E+08  0.167752E+08  0.000000E+00  0.125853E+08
  0.121009E-04  0.125853E+08  0.125853E+08  0.167730E+08  0.167727E+08  0.000000E+00  0.125853E+08
  0.147172E-04  0.125853E+08  0.125853E+08  0.167695E+08  0.167691E+08  0.000000E+00  0.125853E+08
  0.178991E-04  0.125852E+08  0.125852E+08  0.167642E+08  0.167637E+08  0.000000E+00  0.125852E+08
  0.217691E-04  0.125852E+08  0.125852E+08  0.167565E+08  0.167557E+08  0.000000E+00  0.125852E+08
  0.264757E-04  0.125852E+08  0.125852E+08  0.167451E+08  0.167438E+08  0.000000E+00  0.125852E+08
  0.321999E-04  0.125851E+08  0.125851E+08  0.167282E+08  0.167264E+08  0.000000E+00  0.125851E+08
  0.391618E-04  0.125850E+08  0.125850E+08  0.167032E+08  0.167005E+08  0.000000E+00  0.125850E+08
  0.476288E-04  0.125849E+08  0.125849E+08  0.166664E+08  0.166624E+08  0.000000E+00  0.125849E+08
  0.579265E-04  0.125847E+08  0.125847E+08  0.166120E+08  0.166061E+08  0.000000E+00  0.125847E+08
  0.704506E-04  0.125845E+08  0.125844E+08  0.165319E+08  0.165233E+08  0.000000E+00  0.125845E+08
  0.856825E-04  0.125841E+08  0.125840E+08  0.164141E+08  0.164014E+08  0.000000E+00  0.125841E+08
  0.104208E-03  0.125835E+08  0.125834E+08  0.162414E+08  0.162226E+08  0.000000E+00  0.125835E+08
  0.126738E-03  0.125826E+08  0.125826E+08  0.159890E+08  0.159616E+08  0.000000E+00  0.125826E+08
  0.154140E-03  0.125814E+08  0.125813E+08  0.156224E+08  0.155827E+08  0.000000E+00  0.125814E+08
  0.187466E-03  0.125795E+08  0.125794E+08  0.150950E+08  0.150377E+08  0.000000E+00  0.125795E+08
  0.227997E-03  0.125768E+08  0.125766E+08  0.143459E+08  0.142645E+08  0.000000E+00  0.125768E+08
  0.277292E-03  0.125728E+08  0.125724E+08  0.133031E+08  0.131896E+08  0.000000E+00  0.125727E+08
  0.337244E-03  0.125670E+08  0.125665E+08  0.118939E+08  0.117403E+08  0.000000E+00  0.125669E+08
  0.410159E-03  0.125585E+08  0.125578E+08  0.100735E+08  0.987443E+07  0.000000E+00  0.125584E+08
  0.498838E-03  0.125463E+08  0.125453E+08  0.787831E+07  0.763704E+07  0.000000E+00  0.125461E+08
  0.606691E-03  0.125289E+08  0.125275E+08  0.549951E+07  0.523615E+07  0.000000E+00  0.125286E+08
  0.737861E-03  0.125044E+08  0.125026E+08  0.332583E+07  0.308276E+07  0.000000E+00  0.125041E+08
  0.897392E-03  0.124707E+08  0.124684E+08  0.182601E+07  0.165750E+07  0.000000E+00  0.124704E+08
  0.109141E-02  0.124251E+08  0.124223E+08  0.116606E+07  0.109922E+07  0.000000E+00  0.124246E+08
  0.132739E-02  0.123644E+08  0.123613E+08  0.893055E+06  0.887672E+06  0.000000E+00  0.123639E+08
  0.161438E-02  0.122849E+08  0.122816E+08  0.532206E+06  0.522695E+06  0.000000E+00  0.122844E+08
  0.196342E-02  0.121821E+08  0.121788E+08  0.345724E+06  0.000000E+00  0.000000E+00  0.121815E+08
  0.238792E-02  0.120507E+08  0.120473E+08  0.220538E+06  0.000000E+00  0.000000E+00  0.120501E+08
  0.290421E-02  0.118849E+08  0.118812E+08  0.129258E+06  0.000000E+00  0.000000E+00  0.118843E+08
  0.353212E-02  0.116783E+08  0.116741E+08  0.879516E+05  0.000000E+00  0.000000E+00  0.116776E+08
  0.429578E-02  0.114242E+08  0.114194E+08  0.642067E+05  0.000000E+00  0.000000E+00  0.114234E+08
  0.522456E-02  0.111157E+08  0.111098E+08  0.348971E+05  0.000000E+00  0.000000E+00  0.111147E+08
  0.635415E-02  0.107458E+08  0.107385E+08  0.251286E+05  0.000000E+00  0.000000E+00  0.107446E+08
  0.772796E-02  0.103076E+08  0.102984E+08  0.192946E+05  0.000000E+00  0.000000E+00  0.103061E+08
  0.939880E-02  0.979580E+07  0.978375E+07  0.133742E+05  0.000000E+00  0.000000E+00  0.979384E+07
  0.114309E-01  0.920131E+07  0.918540E+07  0.748222E+04  0.000000E+00  0.000000E+00  0.919871E+07
  0.139023E-01  0.852376E+07  0.850274E+07  0.453095E+04  0.000000E+00  0.000000E+00  0.852033E+07
  0.169081E-01  0.775463E+07  0.772718E+07  0.277420E+04  0.000000E+00  0.000000E+00  0.775015E+07
  0.205638E-01  0.690346E+07  0.686858E+07  0.182974E+04  0.000000E+00  0.000000E+00  0.689778E+07
  0.246765E-01  0.605036E+07  0.600860E+07  0.106161E+04  0.000000E+00  0.000000E+00  0.604355E+07
  0.287893E-01  0.531062E+07  0.526438E+07  0.654153E+03  0.000000E+00  0.000000E+00  0.530308E+07
  0.329020E-01  0.468476E+07  0.463688E+07  0.430220E+03  0.000000E+00  0.000000E+00  0.467696E+07
  0.370148E-01  0.416902E+07  0.412233E+07  0.354729E+03  0.000000E+00  0.000000E+00  0.416141E+07
  0.411275E-01  0.375420E+07  0.371109E+07  0.210838E+03  0.000000E+00  0.000000E+00  0.374717E+07
  0.452403E-01  0.342510E+07  0.338726E+07  0.000000E+00  0.000000E+00  0.000000E+00  0.341893E+07
  0.493530E-01  0.316825E+07  0.313649E+07  0.000000E+00  0.000000E+00  0.000000E+00  0.316307E+07
  0.534658E-01  0.296125E+07  0.293552E+07  0.000000E+00  0.000000E+00  0.000000E+00  0.295705E+07
  0.575785E-01  0.278689E+07  0.276642E+07  0.000000E+00  0.000000E+00  0.000000E+00  0.278355E+07
  0.616913E-01  0.263046E+07  0.261397E+07  0.000000E+00  0.000000E+00  0.000000E+00  0.262777E+07
  0.658040E-01  0.248218E+07  0.246816E+07  0.000000E+00  0.000000E+00  0.000000E+00  0.247989E+07
  0.699168E-01  0.233600E+07  0.232302E+07  0.000000E+00  0.000000E+00  0.000000E+00  0.233388E+07
  0.740295E-01  0.218987E+07  0.217675E+07  0.000000E+00  0.000000E+00  0.000000E+00  0.218773E+07
  0.781423E-01  0.204534E+07  0.203132E+07  0.000000E+00  0.000000E+00  0.000000E+00  0.204305E+07
  0.822550E-01  0.190612E+07  0.189089E+07  0.000000E+00  0.000000E+00  0.000000E+00  0.190363E+07
  0.863678E-01  0.177643E+07  0.176013E+07  0.000000E+00  0.000000E+00  0.000000E+00  0.177377E+07
  0.924780E-01  0.160876E+07  0.159176E+07  0.000000E+00  0.000000E+00  0.000000E+00  0.160599E+07
  0.985882E-01  0.147605E+07  0.145982E+07  0.000000E+00  0.000000E+00  0.000000E+00  0.147340E+07
  0.104698E+00  0.137636E+07  0.136216E+07  0.000000E+00  0.000000E+00  0.000000E+00  0.137405E+07
  0.110809E+00  0.130115E+07  0.128956E+07  0.000000E+00  0.000000E+00  0.000000E+00  0.129926E+07
  0.116919E+00  0.123907E+07  0.122990E+07  0.000000E+00  0.000000E+00  0.000000E+00  0.123758E+07
  0.123029E+00  0.117904E+07  0.117149E+07  0.000000E+00  0.000000E+00  0.000000E+00  0.117781E+07
  0.129139E+00  0.111403E+07  0.110711E+07  0.000000E+00  0.000000E+00  0.000000E+00  0.111290E+07
  0.135249E+00  0.104400E+07  0.103688E+07  0.000000E+00  0.000000E+00  0.000000E+00  0.104284E+07
  0.141360E+00  0.973522E+06  0.965779E+06  0.000000E+00  0.000000E+00  0.000000E+00  0.972259E+06
  0.147470E+00  0.907499E+06  0.899194E+06  0.000000E+00  0.000000E+00  0.000000E+00  0.906145E+06
  0.153580E+00  0.850119E+06  0.841655E+06  0.000000E+00  0.000000E+00  0.000000E+00  0.848739E+06
  0.159690E+00  0.803996E+06  0.795900E+06  0.000000E+00  0.000000E+00  0.000000E+00  0.802676E+06
  0.165800E+00  0.768296E+06  0.760992E+06  0.000000E+00  0.000000E+00  0.000000E+00  0.767105E+06
  0.171910E+00  0.739340E+06  0.733010E+06  0.000000E+00  0.000000E+00  0.000000E+00  0.738308E+06
  0.178021E+00  0.713180E+06  0.707736E+06  0.000000E+00  0.000000E+00  0.000000E+00  0.712292E+06
  0.184131E+00  0.686772E+06  0.681928E+06  0.000000E+00  0.000000E+00  0.000000E+00  0.685982E+06
  0.190241E+00  0.658287E+06  0.653692E+06  0.000000E+00  0.000000E+00  0.000000E+00  0.657538E+06
  0.196351E+00  0.627779E+06  0.623147E+06  0.000000E+00  0.000000E+00  0.000000E+00  0.627023E+06
  0.202461E+00  0.596897E+06  0.592087E+06  0.000000E+00  0.000000E+00  0.000000E+00  0.596113E+06
  0.208572E+00  0.567605E+06  0.562639E+06  0.000000E+00  0.000000E+00  0.000000E+00  0.566795E+06
  0.214682E+00  0.541455E+06  0.536474E+06  0.000000E+00  0.000000E+00  0.000000E+00  0.540643E+06
  0.220792E+00  0.519337E+06  0.514524E+06  0.000000E+00  0.000000E+00  0.000000E+00  0.518552E+06
  0.226902E+00  0.501042E+06  0.496549E+06  0.000000E+00  0.000000E+00  0.000000E+00  0.500310E+06
  0.233012E+00  0.485326E+06  0.481220E+06  0.000000E+00  0.000000E+00  0.000000E+00  0.484657E+06
  0.239123E+00  0.470722E+06  0.466977E+06  0.000000E+00  0.000000E+00  0.000000E+00  0.470111E+06
  0.245233E+00  0.456160E+06  0.452681E+06  0.000000E+00  0.000000E+00  0.000000E+00  0.455593E+06
  0.251343E+00  0.441048E+06  0.437712E+06  0.000000E+00  0.000000E+00  0.000000E+00  0.440504E+06
  0.257453E+00  0.425316E+06  0.422019E+06  0.000000E+00  0.000000E+00  0.000000E+00  0.424779E+06
  0.263563E+00  0.409465E+06  0.406151E+06  0.000000E+00  0.000000E+00  0.000000E+00  0.408925E+06
  0.269674E+00  0.394254E+06  0.390922E+06  0.000000E+00  0.000000E+00  0.000000E+00  0.393710E+06
  0.275784E+00  0.380278E+06  0.376971E+06  0.000000E+00  0.000000E+00  0.000000E+00  0.379738E+06
  0.281894E+00  0.367802E+06  0.364581E+06  0.000000E+00  0.000000E+00  0.000000E+00  0.367276E+06
  0.288004E+00  0.356774E+06  0.353693E+06  0.000000E+00  0.000000E+00  0.000000E+00  0.356272E+06
  0.294114E+00  0.346866E+06  0.343953E+06  0.000000E+00  0.000000E+00  0.000000E+00  0.346391E+06
  0.300225E+00  0.337601E+06  0.334850E+06  0.000000E+00  0.000000E+00  0.000000E+00  0.337153E+06
  0.306335E+00  0.328545E+06  0.325927E+06  0.000000E+00  0.000000E+00  0.000000E+00  0.328118E+06
  0.312445E+00  0.319443E+06  0.316915E+06  0.000000E+00  0.000000E+00  0.000000E+00  0.319031E+06
  0.318555E+00  0.310243E+06  0.307767E+06  0.000000E+00  0.000000E+00  0.000000E+00  0.309839E+06
  0.324665E+00  0.301076E+06  0.298627E+06  0.000000E+00  0.000000E+00  0.000000E+00  0.300677E+06
  0.330776E+00  0.292187E+06  0.289762E+06  0.000000E+00  0.000000E+00  0.000000E+00  0.291792E+06
  0.336886E+00  0.283802E+06  0.281410E+06  0.000000E+00  0.000000E+00  0.000000E+00  0.283412E+06
  0.342996E+00  0.276028E+06  0.273688E+06  0.000000E+00  0.000000E+00  0.000000E+00  0.275646E+06
  0.349106E+00  0.268860E+06  0.266591E+06  0.000000E+00  0.000000E+00  0.000000E+00  0.268490E+06
  0.355216E+00  0.262216E+06  0.260028E+06  0.000000E+00  0.000000E+00  0.000000E+00  0.261860E+06
  0.361327E+00  0.255940E+06  0.253834E+06  0.000000E+00  0.000000E+00  0.000000E+00  0.255596E+06
  0.367437E+00  0.249859E+06  0.247825E+06  0.000000E+00  0.000000E+00  0.000000E+00  0.249527E+06
  0.373547E+00  0.243870E+06  0.241895E+06  0.000000E+00  0.000000E+00  0.000000E+00  0.243548E+06
  0.379657E+00  0.237950E+06  0.236019E+06  0.000000E+00  0.000000E+00  0.000000E+00  0.237635E+06
  0.385767E+00  0.232118E+06  0.230222E+06  0.000000E+00  0.000000E+00  0.000000E+00  0.231809E+06
  0.391878E+00  0.226432E+06  0.224566E+06  0.000000E+00  0.000000E+00  0.000000E+00  0.226128E+06
  0.397988E+00  0.220972E+06  0.219136E+06  0.000000E+00  0.000000E+00  0.000000E+00  0.220672E+06
  0.399329E+00  0.219810E+06  0.217982E+06  0.000000E+00  0.000000E+00  0.000000E+00  0.219512E+06
  0.487742E+00  0.161686E+06  0.160354E+06  0.000000E+00  0.000000E+00  0.000000E+00  0.161469E+06
  0.595729E+00  0.118150E+06  0.117176E+06  0.000000E+00  0.000000E+00  0.000000E+00  0.117991E+06
  0.727625E+00  0.858862E+05  0.851793E+05  0.000000E+00  0.000000E+00  0.000000E+00  0.857710E+05
  0.888724E+00  0.621267E+05  0.616154E+05  0.000000E+00  0.000000E+00  0.000000E+00  0.620434E+05
  0.108549E+01  0.447438E+05  0.443756E+05  0.000000E+00  0.000000E+00  0.000000E+00  0.446838E+05
  0.132582E+01  0.320961E+05  0.318319E+05  0.000000E+00  0.000000E+00  0.000000E+00  0.320530E+05
  0.161936E+01  0.229394E+05  0.227506E+05  0.000000E+00  0.000000E+00  0.000000E+00  0.229087E+05
  0.197789E+01  0.163405E+05  0.162059E+05  0.000000E+00  0.000000E+00  0.000000E+00  0.163185E+05
  0.241580E+01  0.116042E+05  0.115086E+05  0.000000E+00  0.000000E+00  0.000000E+00  0.115886E+05
  0.295067E+01  0.821772E+04  0.814990E+04  0.000000E+00  0.000000E+00  0.000000E+00  0.820667E+04
  0.360395E+01  0.580455E+04  0.575655E+04  0.000000E+00  0.000000E+00  0.000000E+00  0.579673E+04
  0.440188E+01  0.409028E+04  0.405635E+04  0.000000E+00  0.000000E+00  0.000000E+00  0.408475E+04
  0.537646E+01  0.287598E+04  0.285201E+04  0.000000E+00  0.000000E+00  0.000000E+00  0.287207E+04
  0.656683E+01  0.201807E+04  0.200113E+04  0.000000E+00  0.000000E+00  0.000000E+00  0.201531E+04
  0.802075E+01  0.141341E+04  0.140142E+04  0.000000E+00  0.000000E+00  0.000000E+00  0.141146E+04
  0.979656E+01  0.988192E+03  0.979679E+03  0.000000E+00  0.000000E+00  0.000000E+00  0.986804E+03
  0.119655E+02  0.689770E+03  0.683692E+03  0.000000E+00  0.000000E+00  0.000000E+00  0.688779E+03
  0.146147E+02  0.480733E+03  0.476354E+03  0.000000E+00  0.000000E+00  0.000000E+00  0.480019E+03
  0.178505E+02  0.334563E+03  0.331369E+03  0.000000E+00  0.000000E+00  0.000000E+00  0.334042E+03
  0.218027E+02  0.232521E+03  0.230148E+03  0.000000E+00  0.000000E+00  0.000000E+00  0.232134E+03
  0.266298E+02  0.161392E+03  0.159587E+03  0.000000E+00  0.000000E+00  0.000000E+00  0.161098E+03
  0.325257E+02  0.111881E+03  0.110467E+03  0.000000E+00  0.000000E+00  0.000000E+00  0.111651E+03
  0.397270E+02  0.774641E+02  0.763167E+02  0.000000E+00  0.000000E+00  0.000000E+00  0.772770E+02
  0.485227E+02  0.535681E+02  0.526016E+02  0.000000E+00  0.000000E+00  0.000000E+00  0.534105E+02
  0.592657E+02  0.369962E+02  0.361512E+02  0.000000E+00  0.000000E+00  0.000000E+00  0.368584E+02
  0.723873E+02  0.255159E+02  0.247516E+02  0.000000E+00  0.000000E+00  0.000000E+00  0.253913E+02
  0.884141E+02  0.175708E+02  0.168599E+02  0.000000E+00  0.000000E+00  0.000000E+00  0.174549E+02
  0.107989E+03  0.120776E+02  0.114023E+02  0.000000E+00  0.000000E+00  0.000000E+00  0.119675E+02
  0.131898E+03  0.828320E+01  0.763301E+01  0.000000E+00  0.000000E+00  0.000000E+00  0.817719E+01
  0.161101E+03  0.566468E+01  0.503520E+01  0.000000E+00  0.000000E+00  0.000000E+00  0.556205E+01
  0.196769E+03  0.385970E+01  0.325155E+01  0.000000E+00  0.000000E+00  0.000000E+00  0.376055E+01
  0.240334E+03  0.261737E+01  0.203588E+01  0.000000E+00  0.000000E+00  0.000000E+00  0.252256E+01
  0.293545E+03  0.176427E+01  0.121903E+01  0.000000E+00  0.000000E+00  0.000000E+00  0.167537E+01
  0.358537E+03  0.118074E+01  0.684502E+00  0.000000E+00  0.000000E+00  0.000000E+00  0.109983E+01
  0.437918E+03  0.784152E+00  0.350629E+00  0.000000E+00  0.000000E+00  0.000000E+00  0.713469E+00
  0.534875E+03  0.517257E+00  0.157652E+00  0.000000E+00  0.000000E+00  0.000000E+00  0.458626E+00
  0.653297E+03  0.339918E+00  0.595577E-01  0.000000E+00  0.000000E+00  0.000000E+00  0.294207E+00
  0.797939E+03  0.223530E+00  0.204417E-01  0.000000E+00  0.000000E+00  0.000000E+00  0.190418E+00
  0.974604E+03  0.147651E+00  0.122702E-01  0.000000E+00  0.000000E+00  0.000000E+00  0.125578E+00
  0.119038E+04  0.981302E-01  0.128047E-01  0.000000E+00  0.000000E+00  0.000000E+00  0.842185E-01
  0.145394E+04  0.656648E-01  0.917418E-02  0.000000E+00  0.000000E+00  0.000000E+00  0.564544E-01
  0.177584E+04  0.441873E-01  0.203249E-02  0.000000E+00  0.000000E+00  0.000000E+00  0.373143E-01
  0.216902E+04  0.298126E-01 -0.103508E-03  0.000000E+00  0.000000E+00  0.000000E+00  0.249350E-01
  0.264925E+04  0.201671E-01  0.130578E-02  0.000000E+00  0.000000E+00  0.000000E+00  0.170919E-01
  0.323580E+04  0.136840E-01 -0.165659E-03  0.000000E+00  0.000000E+00  0.000000E+00  0.114259E-01
  0.395222E+04  0.929581E-02  0.395424E-03  0.000000E+00  0.000000E+00  0.000000E+00  0.784466E-02
  0.482724E+04  0.632420E-02 -0.303863E-04  0.000000E+00  0.000000E+00  0.000000E+00  0.528813E-02
  0.589601E+04  0.430569E-02 -0.906115E-04  0.000000E+00  0.000000E+00  0.000000E+00  0.358890E-02
  0.720140E+04  0.293288E-02 -0.657882E-04  0.000000E+00  0.000000E+00  0.000000E+00  0.244397E-02
  0.879582E+04  0.199842E-02  0.248222E-04  0.000000E+00  0.000000E+00  0.000000E+00  0.167664E-02
  0.107432E+05  0.136208E-02 -0.243610E-04  0.000000E+00  0.000000E+00  0.000000E+00  0.113603E-02
  0.131218E+05  0.928634E-03  0.113654E-04  0.000000E+00  0.000000E+00  0.000000E+00  0.779080E-03
  0.160270E+05  0.633542E-03 -0.522940E-04  0.000000E+00  0.000000E+00  0.000000E+00  0.521721E-03
  0.195754E+05  0.433002E-03 -0.231695E-04  0.000000E+00  0.000000E+00  0.000000E+00  0.358626E-03
  0.239095E+05  0.297743E-03 -0.235925E-04  0.000000E+00  0.000000E+00  0.000000E+00  0.245351E-03
